Debug results for cursor_motion:

Time (wall clock):
       Value     Percentile TotalCount 1/(1-Percentile)

10313727.000 0.000000000000          2           1.00
10919935.000 0.100000000000         87           1.11
11182079.000 0.200000000000        174           1.25
11313151.000 0.300000000000        261           1.43
11419647.000 0.400000000000        352           1.67
11509759.000 0.500000000000        431           2.00
11583487.000 0.550000000000        474           2.22
11657215.000 0.600000000000        517           2.50
11730943.000 0.650000000000        562           2.86
11812863.000 0.700000000000        608           3.33
11886591.000 0.750000000000        646           4.00
11927551.000 0.775000000000        674           4.44
11960319.000 0.800000000000        693           5.00
12025855.000 0.825000000000        711           5.71
12075007.000 0.850000000000        734           6.67
12115967.000 0.875000000000        757           8.00
12132351.000 0.887500000000        765           8.89
12156927.000 0.900000000000        775          10.00
12197887.000 0.912500000000        788          11.43
12230655.000 0.925000000000        797          13.33
12255231.000 0.937500000000        808          16.00
12271615.000 0.943750000000        814          17.78
12296191.000 0.950000000000        819          20.00
12320767.000 0.956250000000        824          22.86
12353535.000 0.962500000000        832          26.67
12361727.000 0.968750000000        835          32.00
12369919.000 0.971875000000        837          35.56
12378111.000 0.975000000000        840          40.00
12402687.000 0.978125000000        843          45.71
12419071.000 0.981250000000        845          53.33
12443647.000 0.984375000000        848          64.00
12451839.000 0.985937500000        849          71.11
12476415.000 0.987500000000        851          80.00
12484607.000 0.989062500000        852          91.43
12509183.000 0.990625000000        853         106.67
12541951.000 0.992187500000        855         128.00
12541951.000 0.992968750000        855         142.22
12550143.000 0.993750000000        856         160.00
12566527.000 0.994531250000        857         182.86
12566527.000 0.995312500000        857         213.33
12615679.000 0.996093750000        858         256.00
12615679.000 0.996484375000        858         284.44
12697599.000 0.996875000000        859         320.00
12697599.000 0.997265625000        859         365.71
12697599.000 0.997656250000        859         426.67
12820479.000 0.998046875000        860         512.00
12820479.000 0.998242187500        860         568.89
12820479.000 0.998437500000        860         640.00
12820479.000 0.998632812500        860         731.43
12820479.000 0.998828125000        860         853.33
13148159.000 0.999023437500        861        1024.00
13148159.000 1.000000000000        861
#[Mean    = 11540848.688, StdDeviation   =   468221.044]
#[Max     = 13148159.000, Total count    =          861]
#[Buckets =           20, SubBuckets     =         2048]



100% [------------------------------------------------------------] ETA: 00:00:00 | :dense_cells
Debug results for dense_cells:

Time (wall clock):
       Value     Percentile TotalCount 1/(1-Percentile)

18415615.000 0.000000000000          1           1.00
19120127.000 0.100000000000         53           1.11
19333119.000 0.200000000000        106           1.25
19496959.000 0.300000000000        152           1.43
19660799.000 0.400000000000        209           1.67
19791871.000 0.500000000000        260           2.00
19824639.000 0.550000000000        280           2.22
19906559.000 0.600000000000        305           2.50
19972095.000 0.650000000000        334           2.86
20037631.000 0.700000000000        357           3.33
20103167.000 0.750000000000        380           4.00
20135935.000 0.775000000000        392           4.44
20168703.000 0.800000000000        404           5.00
20201471.000 0.825000000000        418           5.71
20234239.000 0.850000000000        437           6.67
20267007.000 0.875000000000        443           8.00
20283391.000 0.887500000000        449           8.89
20316159.000 0.900000000000        459          10.00
20332543.000 0.912500000000        463          11.43
20381695.000 0.925000000000        472          13.33
20398079.000 0.937500000000        474          16.00
20414463.000 0.943750000000        479          17.78
20430847.000 0.950000000000        485          20.00
20430847.000 0.956250000000        485          22.86
20447231.000 0.962500000000        491          26.67
20447231.000 0.968750000000        491          32.00
20447231.000 0.971875000000        491          35.56
20479999.000 0.975000000000        494          40.00
20479999.000 0.978125000000        494          45.71
20529151.000 0.981250000000        497          53.33
20545535.000 0.984375000000        500          64.00
20545535.000 0.985937500000        500          71.11
20545535.000 0.987500000000        500          80.00
20545535.000 0.989062500000        500          91.43
20561919.000 0.990625000000        501         106.67
20611071.000 0.992187500000        502         128.00
20611071.000 0.992968750000        502         142.22
20611071.000 0.993750000000        502         160.00
20627455.000 0.994531250000        503         182.86
20627455.000 0.995312500000        503         213.33
20873215.000 0.996093750000        504         256.00
20873215.000 0.996484375000        504         284.44
20873215.000 0.996875000000        504         320.00
20873215.000 0.997265625000        504         365.71
20873215.000 0.997656250000        504         426.67
21168127.000 0.998046875000        505         512.00
21168127.000 1.000000000000        505
#[Mean    = 19739621.640, StdDeviation   =   454795.473]
#[Max     = 21168127.000, Total count    =          505]
#[Buckets =           20, SubBuckets     =         2048]



100% [------------------------------------------------------------] ETA: 00:00:00 | :light_cells
Debug results for light_cells:

Time (wall clock):
       Value     Percentile TotalCount 1/(1-Percentile)

 1571839.000 0.000000000000          1           1.00
 1597439.000 0.100000000000        517           1.11
 1694719.000 0.200000000000       1031           1.25
 1770495.000 0.300000000000       1559           1.43
 1794047.000 0.400000000000       2064           1.67
 1824767.000 0.500000000000       2584           2.00
 1844223.000 0.550000000000       2834           2.22
 1872895.000 0.600000000000       3098           2.50
 1911807.000 0.650000000000       3349           2.86
 1967103.000 0.700000000000       3606           3.33
 2040831.000 0.750000000000       3867           4.00
 2072575.000 0.775000000000       3993           4.44
 2107391.000 0.800000000000       4132           5.00
 2138111.000 0.825000000000       4258           5.71
 2164735.000 0.850000000000       4387           6.67
 2191359.000 0.875000000000       4508           8.00
 2205695.000 0.887500000000       4575           8.89
 2222079.000 0.900000000000       4638          10.00
 2238463.000 0.912500000000       4702          11.43
 2252799.000 0.925000000000       4767          13.33
 2269183.000 0.937500000000       4832          16.00
 2277375.000 0.943750000000       4867          17.78
 2287615.000 0.950000000000       4895          20.00
 2301951.000 0.956250000000       4929          22.86
 2310143.000 0.962500000000       4960          26.67
 2324479.000 0.968750000000       4995          32.00
 2328575.000 0.971875000000       5014          35.56
 2332671.000 0.975000000000       5023          40.00
 2340863.000 0.978125000000       5043          45.71
 2347007.000 0.981250000000       5060          53.33
 2353151.000 0.984375000000       5074          64.00
 2357247.000 0.985937500000       5080          71.11
 2363391.000 0.987500000000       5088          80.00
 2369535.000 0.989062500000       5098          91.43
 2371583.000 0.990625000000       5103         106.67
 2377727.000 0.992187500000       5111         128.00
 2381823.000 0.992968750000       5115         142.22
 2385919.000 0.993750000000       5119         160.00
 2392063.000 0.994531250000       5124         182.86
 2396159.000 0.995312500000       5128         213.33
 2400255.000 0.996093750000       5131         256.00
 2402303.000 0.996484375000       5136         284.44
 2402303.000 0.996875000000       5136         320.00
 2410495.000 0.997265625000       5138         365.71
 2420735.000 0.997656250000       5139         426.67
 2426879.000 0.998046875000       5141         512.00
 2428927.000 0.998242187500       5143         568.89
 2428927.000 0.998437500000       5143         640.00
 2445311.000 0.998632812500       5144         731.43
 2467839.000 0.998828125000       5145         853.33
 2488319.000 0.999023437500       5146        1024.00
 2508799.000 0.999121093750       5147        1137.78
 2508799.000 0.999218750000       5147        1280.00
 2514943.000 0.999316406250       5148        1462.86
 2514943.000 0.999414062500       5148        1706.67
 2516991.000 0.999511718750       5149        2048.00
 2516991.000 0.999560546875       5149        2275.56
 2516991.000 0.999609375000       5149        2560.00
 2650111.000 0.999658203125       5150        2925.71
 2650111.000 0.999707031250       5150        3413.33
 2650111.000 0.999755859375       5150        4096.00
 2650111.000 0.999780273437       5150        4551.11
 2650111.000 0.999804687500       5150        5120.00
 2699263.000 0.999829101563       5151        5851.43
 2699263.000 1.000000000000       5151
#[Mean    =  1880750.444, StdDeviation   =   217257.189]
#[Max     =  2699263.000, Total count    =         5151]
#[Buckets =           20, SubBuckets     =         2048]



100% [------------------------------------------------------------] ETA: 00:00:00 | :medium_cells
Debug results for medium_cells:

Time (wall clock):
       Value     Percentile TotalCount 1/(1-Percentile)

15327231.000 0.000000000000          1           1.00
16154623.000 0.100000000000         62           1.11
16375807.000 0.200000000000        120           1.25
16588799.000 0.300000000000        179           1.43
16736255.000 0.400000000000        238           1.67
16859135.000 0.500000000000        303           2.00
16908287.000 0.550000000000        329           2.22
16973823.000 0.600000000000        371           2.50
17006591.000 0.650000000000        392           2.86
17055743.000 0.700000000000        422           3.33
17088511.000 0.750000000000        451           4.00
17104895.000 0.775000000000        464           4.44
17121279.000 0.800000000000        479           5.00
17154047.000 0.825000000000        499           5.71
17170431.000 0.850000000000        514           6.67
17186815.000 0.875000000000        526           8.00
17203199.000 0.887500000000        533           8.89
17219583.000 0.900000000000        537          10.00
17252351.000 0.912500000000        548          11.43
17268735.000 0.925000000000        550          13.33
17301503.000 0.937500000000        559          16.00
17317887.000 0.943750000000        565          17.78
17317887.000 0.950000000000        565          20.00
17350655.000 0.956250000000        572          22.86
17350655.000 0.962500000000        572          26.67
17367039.000 0.968750000000        576          32.00
17399807.000 0.971875000000        580          35.56
17399807.000 0.975000000000        580          40.00
17448959.000 0.978125000000        582          45.71
17465343.000 0.981250000000        584          53.33
17481727.000 0.984375000000        585          64.00
17498111.000 0.985937500000        586          71.11
17514495.000 0.987500000000        588          80.00
17514495.000 0.989062500000        588          91.43
17530879.000 0.990625000000        589         106.67
17547263.000 0.992187500000        590         128.00
17547263.000 0.992968750000        590         142.22
17645567.000 0.993750000000        592         160.00
17645567.000 0.994531250000        592         182.86
17645567.000 0.995312500000        592         213.33
17645567.000 0.996093750000        592         256.00
17645567.000 0.996484375000        592         284.44
17711103.000 0.996875000000        593         320.00
17711103.000 0.997265625000        593         365.71
17711103.000 0.997656250000        593         426.67
17711103.000 0.998046875000        593         512.00
17711103.000 0.998242187500        593         568.89
18333695.000 0.998437500000        594         640.00
18333695.000 1.000000000000        594
#[Mean    = 16771996.013, StdDeviation   =   408889.972]
#[Max     = 18333695.000, Total count    =          594]
#[Buckets =           20, SubBuckets     =         2048]



100% [------------------------------------------------------------] ETA: 00:00:00 | :scrolling
Debug results for scrolling:

Time (wall clock):
       Value     Percentile TotalCount 1/(1-Percentile)

50364415.000 0.000000000000          1           1.00
52101119.000 0.100000000000         20           1.11
52264959.000 0.200000000000         31           1.25
52494335.000 0.300000000000         46           1.43
52789247.000 0.400000000000         61           1.67
52985855.000 0.500000000000         78           2.00
53084159.000 0.550000000000         85           2.22
53182463.000 0.600000000000         91           2.50
53411839.000 0.650000000000         99           2.86
53510143.000 0.700000000000        106           3.33
53673983.000 0.750000000000        115           4.00
53739519.000 0.775000000000        118           4.44
53772287.000 0.800000000000        121           5.00
53837823.000 0.825000000000        125           5.71
53936127.000 0.850000000000        130           6.67
54001663.000 0.875000000000        133           8.00
54034431.000 0.887500000000        135           8.89
54067199.000 0.900000000000        138          10.00
54067199.000 0.912500000000        138          11.43
54132735.000 0.925000000000        140          13.33
54231039.000 0.937500000000        142          16.00
54296575.000 0.943750000000        144          17.78
54296575.000 0.950000000000        144          20.00
54362111.000 0.956250000000        145          22.86
54394879.000 0.962500000000        146          26.67
54427647.000 0.968750000000        147          32.00
54427647.000 0.971875000000        147          35.56
54591487.000 0.975000000000        148          40.00
54591487.000 0.978125000000        148          45.71
54624255.000 0.981250000000        150          53.33
54624255.000 0.984375000000        150          64.00
54624255.000 0.985937500000        150          71.11
54624255.000 0.987500000000        150          80.00
54624255.000 0.989062500000        150          91.43
54624255.000 0.990625000000        150         106.67
54624255.000 0.992187500000        150         128.00
54624255.000 0.992968750000        150         142.22
54755327.000 0.993750000000        151         160.00
54755327.000 1.000000000000        151
#[Mean    = 53005929.113, StdDeviation   =   793664.334]
#[Max     = 54755327.000, Total count    =          151]
#[Buckets =           20, SubBuckets     =         2048]



100% [------------------------------------------------------------] ETA: 00:00:00 | :scrolling_bottom_region
Debug results for scrolling_bottom_region:

Time (wall clock):
       Value     Percentile TotalCount 1/(1-Percentile)

123404287.000 0.000000000000          1           1.00
125108223.000 0.100000000000          8           1.11
126025727.000 0.200000000000         18           1.25
126550015.000 0.300000000000         23           1.43
127729663.000 0.400000000000         31           1.67
128712703.000 0.500000000000         39           2.00
129630207.000 0.550000000000         42           2.22
131596287.000 0.600000000000         46           2.50
132448255.000 0.650000000000         50           2.86
133562367.000 0.700000000000         55           3.33
133955583.000 0.750000000000         59           4.00
133955583.000 0.775000000000         59           4.44
134217727.000 0.800000000000         62           5.00
134348799.000 0.825000000000         63           5.71
134479871.000 0.850000000000         66           6.67
134610943.000 0.875000000000         67           8.00
134742015.000 0.887500000000         69           8.89
134742015.000 0.900000000000         69          10.00
134873087.000 0.912500000000         71          11.43
134873087.000 0.925000000000         71          13.33
135659519.000 0.937500000000         73          16.00
135659519.000 0.943750000000         73          17.78
135659519.000 0.950000000000         73          20.00
135659519.000 0.956250000000         73          22.86
135790591.000 0.962500000000         74          26.67
135790591.000 0.968750000000         74          32.00
135790591.000 0.971875000000         74          35.56
136708095.000 0.975000000000         75          40.00
136708095.000 0.978125000000         75          45.71
136708095.000 0.981250000000         75          53.33
136708095.000 0.984375000000         75          64.00
136708095.000 0.985937500000         75          71.11
137363455.000 0.987500000000         76          80.00
137363455.000 1.000000000000         76
#[Mean    = 129783700.211, StdDeviation   =  3885334.866]
#[Max     = 137363455.000, Total count    =           76]
#[Buckets =           20, SubBuckets     =         2048]



100% [------------------------------------------------------------] ETA: 00:00:00 | :scrolling_bottom_small_region
Debug results for scrolling_bottom_small_region:

Time (wall clock):
       Value     Percentile TotalCount 1/(1-Percentile)

153485311.000 0.000000000000          1           1.00
155582463.000 0.100000000000          7           1.11
157024255.000 0.200000000000         13           1.25
157548543.000 0.300000000000         20           1.43
158072831.000 0.400000000000         26           1.67
158466047.000 0.500000000000         32           2.00
158728191.000 0.550000000000         35           2.22
158859263.000 0.600000000000         38           2.50
159514623.000 0.650000000000         41           2.86
159776767.000 0.700000000000         44           3.33
160432127.000 0.750000000000         48           4.00
160563199.000 0.775000000000         49           4.44
160694271.000 0.800000000000         50           5.00
161218559.000 0.825000000000         52           5.71
161873919.000 0.850000000000         53           6.67
162136063.000 0.875000000000         55           8.00
163315711.000 0.887500000000         56           8.89
163315711.000 0.900000000000         56          10.00
163839999.000 0.912500000000         57          11.43
164626431.000 0.925000000000         58          13.33
165281791.000 0.937500000000         59          16.00
165281791.000 0.943750000000         59          17.78
165281791.000 0.950000000000         59          20.00
167510015.000 0.956250000000         60          22.86
167510015.000 0.962500000000         60          26.67
168165375.000 0.968750000000         61          32.00
168165375.000 0.971875000000         61          35.56
168165375.000 0.975000000000         61          40.00
168165375.000 0.978125000000         61          45.71
168165375.000 0.981250000000         61          53.33
168951807.000 0.984375000000         62          64.00
168951807.000 1.000000000000         62
#[Mean    = 159057986.065, StdDeviation   =  3112386.207]
#[Max     = 168951807.000, Total count    =           62]
#[Buckets =           20, SubBuckets     =         2048]



100% [------------------------------------------------------------] ETA: 00:00:00 | :scrolling_fullscreen
Debug results for scrolling_fullscreen:

Time (wall clock):
       Value     Percentile TotalCount 1/(1-Percentile)

 2805759.000 0.000000000000          1           1.00
 2871295.000 0.100000000000         82           1.11
 2887679.000 0.200000000000        166           1.25
 2906111.000 0.300000000000        240           1.43
 2928639.000 0.400000000000        316           1.67
 2955263.000 0.500000000000        394           2.00
 2971647.000 0.550000000000        438           2.22
 2985983.000 0.600000000000        479           2.50
 3002367.000 0.650000000000        518           2.86
 3020799.000 0.700000000000        556           3.33
 3041279.000 0.750000000000        591           4.00
 3051519.000 0.775000000000        613           4.44
 3061759.000 0.800000000000        631           5.00
 3078143.000 0.825000000000        651           5.71
 3096575.000 0.850000000000        674           6.67
 3115007.000 0.875000000000        690           8.00
 3125247.000 0.887500000000        700           8.89
 3137535.000 0.900000000000        710          10.00
 3155967.000 0.912500000000        721          11.43
 3172351.000 0.925000000000        733          13.33
 3182591.000 0.937500000000        740          16.00
 3188735.000 0.943750000000        744          17.78
 3198975.000 0.950000000000        750          20.00
 3203071.000 0.956250000000        754          22.86
 3215359.000 0.962500000000        759          26.67
 3221503.000 0.968750000000        764          32.00
 3225599.000 0.971875000000        768          35.56
 3229695.000 0.975000000000        769          40.00
 3231743.000 0.978125000000        771          45.71
 3239935.000 0.981250000000        775          53.33
 3241983.000 0.984375000000        776          64.00
 3248127.000 0.985937500000        777          71.11
 3280895.000 0.987500000000        779          80.00
 3289087.000 0.989062500000        780          91.43
 3291135.000 0.990625000000        781         106.67
 3307519.000 0.992187500000        782         128.00
 3309567.000 0.992968750000        783         142.22
 3334143.000 0.993750000000        784         160.00
 3334143.000 0.994531250000        784         182.86
 3411967.000 0.995312500000        785         213.33
 3411967.000 0.996093750000        785         256.00
 3434495.000 0.996484375000        786         284.44
 3434495.000 0.996875000000        786         320.00
 3434495.000 0.997265625000        786         365.71
 3583999.000 0.997656250000        787         426.67
 3583999.000 0.998046875000        787         512.00
 3583999.000 0.998242187500        787         568.89
 3583999.000 0.998437500000        787         640.00
 3583999.000 0.998632812500        787         731.43
 3649535.000 0.998828125000        788         853.33
 3649535.000 1.000000000000        788
#[Mean    =  2980736.650, StdDeviation   =   109534.012]
#[Max     =  3649535.000, Total count    =          788]
#[Buckets =           20, SubBuckets     =         2048]



100% [------------------------------------------------------------] ETA: 00:00:00 | :scrolling_top_region
Debug results for scrolling_top_region:

Time (wall clock):
       Value     Percentile TotalCount 1/(1-Percentile)

52756479.000 0.000000000000          1           1.00
53444607.000 0.100000000000         18           1.11
53739519.000 0.200000000000         36           1.25
53936127.000 0.300000000000         53           1.43
54231039.000 0.400000000000         71           1.67
54493183.000 0.500000000000         90           2.00
54525951.000 0.550000000000         98           2.22
54722559.000 0.600000000000        106           2.50
54820863.000 0.650000000000        115           2.86
54984703.000 0.700000000000        122           3.33
55214079.000 0.750000000000        130           4.00
55476223.000 0.775000000000        135           4.44
55640063.000 0.800000000000        139           5.00
55967743.000 0.825000000000        144           5.71
56098815.000 0.850000000000        148           6.67
56426495.000 0.875000000000        152           8.00
56852479.000 0.887500000000        154           8.89
57049087.000 0.900000000000        156          10.00
57245695.000 0.912500000000        158          11.43
57376767.000 0.925000000000        161          13.33
57671679.000 0.937500000000        163          16.00
57868287.000 0.943750000000        164          17.78
58130431.000 0.950000000000        165          20.00
58195967.000 0.956250000000        166          22.86
58425343.000 0.962500000000        167          26.67
58589183.000 0.968750000000        168          32.00
58949631.000 0.971875000000        169          35.56
58949631.000 0.975000000000        169          40.00
59015167.000 0.978125000000        170          45.71
59015167.000 0.981250000000        170          53.33
59473919.000 0.984375000000        171          64.00
59473919.000 0.985937500000        171          71.11
59473919.000 0.987500000000        171          80.00
59572223.000 0.989062500000        172          91.43
59572223.000 0.990625000000        172         106.67
59572223.000 0.992187500000        172         128.00
59572223.000 0.992968750000        172         142.22
59572223.000 0.993750000000        172         160.00
59604991.000 0.994531250000        173         182.86
59604991.000 1.000000000000        173
#[Mean    = 54796714.173, StdDeviation   =  1427009.541]
#[Max     = 59604991.000, Total count    =          173]
#[Buckets =           20, SubBuckets     =         2048]



100% [------------------------------------------------------------] ETA: 00:00:00 | :scrolling_top_small_region
Debug results for scrolling_top_small_region:

Time (wall clock):
       Value     Percentile TotalCount 1/(1-Percentile)

48726015.000 0.000000000000          2           1.00
48889855.000 0.100000000000         20           1.11
49020927.000 0.200000000000         40           1.25
49151999.000 0.300000000000         58           1.43
49315839.000 0.400000000000         77           1.67
49479679.000 0.500000000000         96           2.00
49610751.000 0.550000000000        107           2.22
49709055.000 0.600000000000        116           2.50
49840127.000 0.650000000000        123           2.86
50003967.000 0.700000000000        135           3.33
50233343.000 0.750000000000        142           4.00
50429951.000 0.775000000000        148           4.44
50659327.000 0.800000000000        152           5.00
50724863.000 0.825000000000        157           5.71
50954239.000 0.850000000000        162           6.67
51380223.000 0.875000000000        166           8.00
51740671.000 0.887500000000        168           8.89
52101119.000 0.900000000000        171          10.00
53149695.000 0.912500000000        173          11.43
53542911.000 0.925000000000        175          13.33
53673983.000 0.937500000000        178          16.00
53706751.000 0.943750000000        179          17.78
53739519.000 0.950000000000        181          20.00
53739519.000 0.956250000000        181          22.86
53903359.000 0.962500000000        182          26.67
54231039.000 0.968750000000        184          32.00
54231039.000 0.971875000000        184          35.56
54460415.000 0.975000000000        186          40.00
54460415.000 0.978125000000        186          45.71
54460415.000 0.981250000000        186          53.33
54493183.000 0.984375000000        187          64.00
54493183.000 0.985937500000        187          71.11
54493183.000 0.987500000000        187          80.00
54493183.000 0.989062500000        187          91.43
54722559.000 0.990625000000        188         106.67
54722559.000 0.992187500000        188         128.00
54722559.000 0.992968750000        188         142.22
54722559.000 0.993750000000        188         160.00
54722559.000 0.994531250000        188         182.86
54820863.000 0.995312500000        189         213.33
54820863.000 1.000000000000        189
#[Mean    = 49993825.524, StdDeviation   =  1444758.288]
#[Max     = 54820863.000, Total count    =          189]
#[Buckets =           20, SubBuckets     =         2048]



100% [------------------------------------------------------------] ETA: 00:00:00 | :sync_medium_cells
Debug results for sync_medium_cells:

Time (wall clock):
       Value     Percentile TotalCount 1/(1-Percentile)

20283391.000 0.000000000000          1           1.00
20889599.000 0.100000000000         48           1.11
21250047.000 0.200000000000         93           1.25
21479423.000 0.300000000000        145           1.43
21594111.000 0.400000000000        192           1.67
21676031.000 0.500000000000        237           2.00
21708799.000 0.550000000000        258           2.22
21741567.000 0.600000000000        281           2.50
21774335.000 0.650000000000        302           2.86
21807103.000 0.700000000000        329           3.33
21856255.000 0.750000000000        356           4.00
21872639.000 0.775000000000        364           4.44
21889023.000 0.800000000000        372           5.00
21921791.000 0.825000000000        383           5.71
21954559.000 0.850000000000        396           6.67
21987327.000 0.875000000000        406           8.00
22003711.000 0.887500000000        413           8.89
22036479.000 0.900000000000        422          10.00
22052863.000 0.912500000000        424          11.43
22069247.000 0.925000000000        430          13.33
22102015.000 0.937500000000        437          16.00
22102015.000 0.943750000000        437          17.78
22118399.000 0.950000000000        442          20.00
22151167.000 0.956250000000        445          22.86
22167551.000 0.962500000000        446          26.67
22200319.000 0.968750000000        451          32.00
22200319.000 0.971875000000        451          35.56
22233087.000 0.975000000000        454          40.00
22233087.000 0.978125000000        454          45.71
22249471.000 0.981250000000        455          53.33
22265855.000 0.984375000000        457          64.00
22265855.000 0.985937500000        457          71.11
22282239.000 0.987500000000        459          80.00
22282239.000 0.989062500000        459          91.43
22282239.000 0.990625000000        459         106.67
22298623.000 0.992187500000        460         128.00
22298623.000 0.992968750000        460         142.22
22396927.000 0.993750000000        461         160.00
22396927.000 0.994531250000        461         182.86
22396927.000 0.995312500000        461         213.33
22413311.000 0.996093750000        462         256.00
22413311.000 0.996484375000        462         284.44
22413311.000 0.996875000000        462         320.00
22413311.000 0.997265625000        462         365.71
22413311.000 0.997656250000        462         426.67
22626303.000 0.998046875000        463         512.00
22626303.000 1.000000000000        463
#[Mean    = 21564688.035, StdDeviation   =   428275.558]
#[Max     = 22626303.000, Total count    =          463]
#[Buckets =           20, SubBuckets     =         2048]



100% [------------------------------------------------------------] ETA: 00:00:00 | :unicode
Debug results for unicode:

Time (wall clock):
       Value     Percentile TotalCount 1/(1-Percentile)

16203775.000 0.000000000000          1           1.00
16637951.000 0.100000000000         55           1.11
16777215.000 0.200000000000        110           1.25
16875519.000 0.300000000000        164           1.43
17022975.000 0.400000000000        220           1.67
17203199.000 0.500000000000        272           2.00
17252351.000 0.550000000000        305           2.22
17350655.000 0.600000000000        331           2.50
17481727.000 0.650000000000        360           2.86
17661951.000 0.700000000000        383           3.33
18006015.000 0.750000000000        409           4.00
18137087.000 0.775000000000        423           4.44
18268159.000 0.800000000000        439           5.00
18464767.000 0.825000000000        451           5.71
18628607.000 0.850000000000        463           6.67
18743295.000 0.875000000000        479           8.00
18792447.000 0.887500000000        483           8.89
18939903.000 0.900000000000        492          10.00
19103743.000 0.912500000000        497          11.43
19333119.000 0.925000000000        504          13.33
21102591.000 0.937500000000        510          16.00
23035903.000 0.943750000000        514          17.78
25559039.000 0.950000000000        517          20.00
28835839.000 0.956250000000        521          22.86
29671423.000 0.962500000000        524          26.67
33013759.000 0.968750000000        527          32.00
34963455.000 0.971875000000        529          35.56
35946495.000 0.975000000000        531          40.00
36405247.000 0.978125000000        533          45.71
36863999.000 0.981250000000        535          53.33
37453823.000 0.984375000000        536          64.00
37847039.000 0.985937500000        537          71.11
38895615.000 0.987500000000        538          80.00
39682047.000 0.989062500000        539          91.43
39682047.000 0.990625000000        539         106.67
40402943.000 0.992187500000        540         128.00
41484287.000 0.992968750000        541         142.22
41484287.000 0.993750000000        541         160.00
41517055.000 0.994531250000        542         182.86
41517055.000 0.995312500000        542         213.33
41517055.000 0.996093750000        542         256.00
41746431.000 0.996484375000        543         284.44
41746431.000 0.996875000000        543         320.00
41746431.000 0.997265625000        543         365.71
41746431.000 0.997656250000        543         426.67
41746431.000 0.998046875000        543         512.00
44072959.000 0.998242187500        544         568.89
44072959.000 1.000000000000        544
#[Mean    = 18304225.882, StdDeviation   =  4106648.383]
#[Max     = 44072959.000, Total count    =          544]
#[Buckets =           20, SubBuckets     =         2048]


